{
  "generated_by": {
    "program": "augur",
    "version": "19.2.0"
  },
  "models": {
    "country": {
      "alphabet": [
        "Bangladesh",
        "China",
        "Egypt",
        "Japan",
        "Laos",
        "Thailand",
        "Vietnam",
        "?"
      ],
      "equilibrium_probabilities": [
        0.13768102928066378,
        0.18381669695148783,
        0.1323090436695412,
        0.13068668044741816,
        0.13040259208700247,
        0.12136379624639484,
        0.16374016131749186
      ],
      "rate": 38.147274257162024,
      "transition_matrix": [
        [
          0.0,
          1.1429625971554354,
          0.9237205858085002,
          1.1129219636748466,
          0.9215749807646418,
          0.9307080513100436,
          1.0185650199047687
        ],
        [
          1.1429625971554354,
          0.0,
          1.439605014230434,
          1.3896595030912162,
          1.276697086131925,
          1.6096429491139734,
          1.5996164086872788
        ],
        [
          0.9237205858085002,
          1.439605014230434,
          0.0,
          0.9356973657465124,
          0.9204217484317779,
          1.0276666210729553,
          0.9407103954114101
        ],
        [
          1.1129219636748466,
          1.3896595030912162,
          0.9356973657465124,
          0.0,
          0.9251426958329729,
          0.9446462464374722,
          1.3429784257804165
        ],
        [
          0.9215749807646418,
          1.276697086131925,
          0.9204217484317779,
          0.9251426958329729,
          0.0,
          0.9274164646024615,
          1.2050197505588585
        ],
        [
          0.9307080513100436,
          1.6096429491139734,
          1.0276666210729553,
          0.9446462464374722,
          0.9274164646024615,
          0.0,
          1.3725024542641298
        ],
        [
          1.0185650199047687,
          1.5996164086872788,
          0.9407103954114101,
          1.3429784257804165,
          1.2050197505588585,
          1.3725024542641298,
          0.0
        ]
      ]
    },
    "region": {
      "alphabet": [
        "Africa",
        "China",
        "Japan Korea",
        "South Asia",
        "Southeast Asia",
        "?"
      ],
      "equilibrium_probabilities": [
        0.18465312716099785,
        0.2232693731201101,
        0.17816077206403144,
        0.18946943205057362,
        0.22444729560428703
      ],
      "rate": 24.43673461468816,
      "transition_matrix": [
        [
          0.0,
          1.2731604344132303,
          0.8867592393592894,
          0.880368046518222,
          0.9959409342708634
        ],
        [
          1.2731604344132303,
          0.0,
          1.2250561795179233,
          1.0770744459610377,
          2.4601743686926087
        ],
        [
          0.8867592393592894,
          1.2250561795179233,
          0.0,
          1.0332720606231691,
          1.2774087766028148
        ],
        [
          0.880368046518222,
          1.0770744459610377,
          1.0332720606231691,
          0.0,
          1.0046393972359287
        ],
        [
          0.9959409342708634,
          2.4601743686926087,
          1.2774087766028148,
          1.0046393972359287,
          0.0
        ]
      ]
    }
  },
  "nodes": {
    "A/Guangxi/1/2005": {
      "country": "China",
      "country_confidence": {
        "China": 1.0
      },
      "country_entropy": -1.000088900581841e-12,
      "region": "China",
      "region_confidence": {
        "China": 0.9999999999999999
      },
      "region_entropy": -9.99866855976916e-13
    },
    "A/Vietnam/UT36250_1/2010": {
      "country": "Vietnam",
      "country_confidence": {
        "Vietnam": 1.0
      },
      "country_entropy": -1.000088900581841e-12,
      "region": "Southeast Asia",
      "region_confidence": {
        "Southeast Asia": 1.0
      },
      "region_entropy": -1.000088900581841e-12
    },
    "A/chicken/Chiba/1/2011": {
      "country": "Japan",
      "country_confidence": {
        "Japan": 1.0
      },
      "country_entropy": -1.000088900581841e-12,
      "region": "Japan Korea",
      "region_confidence": {
        "Japan Korea": 1.0
      },
      "region_entropy": -1.000088900581841e-12
    },
    "A/chicken/Egypt/0813_NLQP/2008": {
      "country": "Egypt",
      "country_confidence": {
        "Egypt": 1.0
      },
      "country_entropy": -1.000088900581841e-12,
      "region": "Africa",
      "region_confidence": {
        "Africa": 1.0
      },
      "region_entropy": -1.000088900581841e-12
    },
    "A/chicken/Egypt/083/2008": {
      "country": "Egypt",
      "country_confidence": {
        "Egypt": 1.0
      },
      "country_entropy": -1.000088900581841e-12,
      "region": "Africa",
      "region_confidence": {
        "Africa": 1.0
      },
      "region_entropy": -1.000088900581841e-12
    },
    "A/chicken/Egypt/CL6/2007": {
      "country": "Egypt",
      "country_confidence": {
        "Egypt": 0.9999999999999999
      },
      "country_entropy": -9.99866855976916e-13,
      "region": "Africa",
      "region_confidence": {
        "Africa": 0.9999999999999999
      },
      "region_entropy": -9.99866855976916e-13
    },
    "A/chicken/Vietnam/NCVD14_A459/2014": {
      "country": "Vietnam",
      "country_confidence": {
        "Vietnam": 1.0
      },
      "country_entropy": -1.000088900581841e-12,
      "region": "Southeast Asia",
      "region_confidence": {
        "Southeast Asia": 1.0
      },
      "region_entropy": -1.000088900581841e-12
    },
    "A/duck/Bangladesh/34752/2018": {
      "country": "Bangladesh",
      "country_confidence": {
        "Bangladesh": 1.0
      },
      "country_entropy": -1.000088900581841e-12,
      "region": "South Asia",
      "region_confidence": {
        "South Asia": 1.0
      },
      "region_entropy": -1.000088900581841e-12
    },
    "A/duck/Lao/6/2010": {
      "country": "Laos",
      "country_confidence": {
        "Laos": 1.0
      },
      "country_entropy": -1.000088900581841e-12,
      "region": "Southeast Asia",
      "region_confidence": {
        "Southeast Asia": 1.0
      },
      "region_entropy": -1.000088900581841e-12
    },
    "A/duck/Vietnam/NCVD_2745/2013": {
      "country": "Vietnam",
      "country_confidence": {
        "Vietnam": 1.0
      },
      "country_entropy": -1.000088900581841e-12,
      "region": "Southeast Asia",
      "region_confidence": {
        "Southeast Asia": 1.0
      },
      "region_entropy": -1.000088900581841e-12
    },
    "A/environment/Guizhou/9/2009": {
      "country": "China",
      "country_confidence": {
        "China": 1.0
      },
      "country_entropy": -1.000088900581841e-12,
      "region": "China",
      "region_confidence": {
        "China": 1.0
      },
      "region_entropy": -1.000088900581841e-12
    },
    "A/environment/Hunan/1_35/2007": {
      "country": "China",
      "country_confidence": {
        "China": 1.0
      },
      "country_entropy": -1.000088900581841e-12,
      "region": "China",
      "region_confidence": {
        "China": 1.0
      },
      "region_entropy": -1.000088900581841e-12
    },
    "A/environment/Hunan/1_8/2007": {
      "country": "China",
      "country_confidence": {
        "China": 1.0
      },
      "country_entropy": -1.000088900581841e-12,
      "region": "China",
      "region_confidence": {
        "China": 1.0
      },
      "region_entropy": -1.000088900581841e-12
    },
    "A/muscovy_duck/Vietnam/LBM335/2013": {
      "country": "Vietnam",
      "country_confidence": {
        "Vietnam": 1.0
      },
      "country_entropy": -1.000088900581841e-12,
      "region": "Southeast Asia",
      "region_confidence": {
        "Southeast Asia": 1.0
      },
      "region_entropy": -1.000088900581841e-12
    },
    "A/openbill_stork/Thailand/VSMU_4_NSN/2004": {
      "country": "Thailand",
      "country_confidence": {
        "Thailand": 1.0
      },
      "country_entropy": -1.000088900581841e-12,
      "region": "Southeast Asia",
      "region_confidence": {
        "Southeast Asia": 1.0
      },
      "region_entropy": -1.000088900581841e-12
    },
    "A/peregrine_falcon/Aomori/7/2011": {
      "country": "Japan",
      "country_confidence": {
        "Japan": 1.0
      },
      "country_entropy": -1.000088900581841e-12,
      "region": "Japan Korea",
      "region_confidence": {
        "Japan Korea": 1.0
      },
      "region_entropy": -1.000088900581841e-12
    },
    "A/quail/Vietnam/CVVI_49/2010": {
      "country": "Vietnam",
      "country_confidence": {
        "Vietnam": 1.0
      },
      "country_entropy": -1.000088900581841e-12,
      "region": "Southeast Asia",
      "region_confidence": {
        "Southeast Asia": 1.0
      },
      "region_entropy": -1.000088900581841e-12
    },
    "A/water/Xinjiang/3/2009": {
      "country": "China",
      "country_confidence": {
        "China": 1.0
      },
      "country_entropy": -1.000088900581841e-12,
      "region": "China",
      "region_confidence": {
        "China": 1.0
      },
      "region_entropy": -1.000088900581841e-12
    },
    "A/wild_duck/Fujian/2/2011": {
      "country": "China",
      "country_confidence": {
        "China": 1.0
      },
      "country_entropy": -1.000088900581841e-12,
      "region": "China",
      "region_confidence": {
        "China": 1.0
      },
      "region_entropy": -1.000088900581841e-12
    },
    "NODE_0000000": {
      "country": "Thailand",
      "country_confidence": {
        "China": 0.04947738811927611,
        "Egypt": 0.013939862875453487,
        "Thailand": 0.8951810533735762,
        "Vietnam": 0.026347006831306276
      },
      "country_entropy": 0.4827983306799354,
      "region": "Southeast Asia",
      "region_confidence": {
        "Africa": 0.002528466985293618,
        "China": 0.030248564529453733,
        "Japan Korea": 0.0014028003958312567,
        "Southeast Asia": 0.9649985967736341
      },
      "region_entropy": 0.17037300053422244
    },
    "NODE_0000001": {
      "country": "China",
      "country_confidence": {
        "China": 0.4019626893957572,
        "Egypt": 0.1250308620844283,
        "Thailand": 0.36095107113455893,
        "Vietnam": 0.04901930610219714
      },
      "country_entropy": 1.3839424646206,
      "region": "China",
      "region_confidence": {
        "Africa": 0.05620911522724774,
        "China": 0.4866925425914466,
        "Japan Korea": 0.013070662149680242,
        "Southeast Asia": 0.43707464639229854
      },
      "region_entropy": 0.9652707621155906
    },
    "NODE_0000002": {
      "country": "China",
      "country_confidence": {
        "China": 0.4885091810922816,
        "Egypt": 0.1729570490441864,
        "Thailand": 0.23242468979565875,
        "Vietnam": 0.044617604430287894
      },
      "country_entropy": 1.3676702273162302,
      "region": "China",
      "region_confidence": {
        "Africa": 0.0856112039815832,
        "China": 0.5791582281873485,
        "Japan Korea": 0.014498320001842242,
        "Southeast Asia": 0.3140461042666146
      },
      "region_entropy": 0.9853487565339916
    },
    "NODE_0000003": {
      "country": "Egypt",
      "country_confidence": {
        "China": 0.005990423947208545,
        "Egypt": 0.9884211175633029,
        "Thailand": 0.0022190913659792303,
        "Vietnam": 0.001163328040158309
      },
      "country_entropy": 0.07949895420934891,
      "region": "Africa",
      "region_confidence": {
        "Africa": 0.9911734038837822,
        "China": 0.005208810035426966,
        "Southeast Asia": 0.002619834678346876
      },
      "region_entropy": 0.059330683791021174
    },
    "NODE_0000004": {
      "country": "Egypt",
      "country_confidence": {
        "Egypt": 0.9984127715693653
      },
      "country_entropy": 0.013983784162860767,
      "region": "Africa",
      "region_confidence": {
        "Africa": 0.9990615678431715
      },
      "region_entropy": 0.008396391624828584
    },
    "NODE_0000005": {
      "country": "China",
      "country_confidence": {
        "China": 0.6532611202593994,
        "Egypt": 0.09997247813578648,
        "Thailand": 0.135383898329097,
        "Vietnam": 0.043870442637588804
      },
      "country_entropy": 1.1660768133387256,
      "region": "China",
      "region_confidence": {
        "Africa": 0.04115231035062911,
        "China": 0.7264290892766887,
        "Japan Korea": 0.017552135839619672,
        "Southeast Asia": 0.20873726948690055
      },
      "region_entropy": 0.7926791713824599
    },
    "NODE_0000006": {
      "country": "China",
      "country_confidence": {
        "China": 0.9960811122294688,
        "Thailand": 0.0012341009166066206
      },
      "country_entropy": 0.03202722964432853,
      "region": "China",
      "region_confidence": {
        "China": 0.9955522916827128,
        "Southeast Asia": 0.0040356627606416545
      },
      "region_entropy": 0.030298843261297517
    },
    "NODE_0000007": {
      "country": "China",
      "country_confidence": {
        "China": 0.9974586719407071
      },
      "country_entropy": 0.022097485093056264,
      "region": "China",
      "region_confidence": {
        "China": 0.9982359537468534,
        "Southeast Asia": 0.0014311852987075313
      },
      "region_entropy": 0.01415955149233268
    },
    "NODE_0000008": {
      "country": "China",
      "country_confidence": {
        "China": 0.9988906716784456
      },
      "country_entropy": 0.010370131877011421,
      "region": "China",
      "region_confidence": {
        "China": 0.9974381376445552,
        "Southeast Asia": 0.002523275208336699
      },
      "region_entropy": 0.01808466395406031
    },
    "NODE_0000009": {
      "country": "China",
      "country_confidence": {
        "China": 0.9818939403521846,
        "Laos": 0.005415447614534538,
        "Thailand": 0.0017167103787331223,
        "Vietnam": 0.007501431617810234
      },
      "country_entropy": 0.11725767846435198,
      "region": "China",
      "region_confidence": {
        "China": 0.9770521868056159,
        "Southeast Asia": 0.021835886459014985
      },
      "region_entropy": 0.11495680546302872
    },
    "NODE_0000010": {
      "country": "China",
      "country_confidence": {
        "China": 0.3873767029044377,
        "Laos": 0.2500423671031554,
        "Thailand": 0.024210479237399263,
        "Vietnam": 0.2813855022109689
      },
      "country_entropy": 1.3861890543588884,
      "region": "Southeast Asia",
      "region_confidence": {
        "Africa": 0.002952864131703638,
        "China": 0.1937142273011782,
        "Japan Korea": 0.004112279576228659,
        "Southeast Asia": 0.7965996275671011
      },
      "region_entropy": 0.5544782482352938
    },
    "NODE_0000011": {
      "country": "China",
      "country_confidence": {
        "China": 0.5092008720783293,
        "Japan": 0.1868149653512105,
        "Thailand": 0.06537768883724679,
        "Vietnam": 0.11526935554415878
      },
      "country_entropy": 1.474732416091503,
      "region": "China",
      "region_confidence": {
        "China": 0.617414625529297,
        "Japan Korea": 0.11769247151570228,
        "South Asia": 0.025676845597629637,
        "Southeast Asia": 0.21571972107612378
      },
      "region_entropy": 1.06258162894229
    },
    "NODE_0000012": {
      "country": "Japan",
      "country_confidence": {
        "Bangladesh": 0.06236681483250912,
        "China": 0.2333697382870788,
        "Japan": 0.41152107194810017,
        "Vietnam": 0.18895685374890092
      },
      "country_entropy": 1.540180204949463,
      "region": "Japan Korea",
      "region_confidence": {
        "China": 0.30638665728043524,
        "Japan Korea": 0.3221296081637202,
        "South Asia": 0.05531089003468152,
        "Southeast Asia": 0.2963872914795975
      },
      "region_entropy": 1.3254969797402978
    },
    "NODE_0000013": {
      "country": "Japan",
      "country_confidence": {
        "Bangladesh": 0.03184817285192773,
        "China": 0.12401375649549434,
        "Japan": 0.5574007251130142,
        "Vietnam": 0.2273103317666233
      },
      "country_entropy": 1.263323401914883,
      "region": "Japan Korea",
      "region_confidence": {
        "China": 0.17766155007352472,
        "Japan Korea": 0.44816833582115156,
        "South Asia": 0.027291733717330315,
        "Southeast Asia": 0.3354609893554804
      },
      "region_entropy": 1.1824257055881418
    },
    "NODE_0000014": {
      "country": "Japan",
      "country_confidence": {
        "Japan": 0.9994438711628243
      },
      "country_entropy": 0.005469106614394017,
      "region": "Japan Korea",
      "region_confidence": {
        "Japan Korea": 0.9994470811690734
      },
      "region_entropy": 0.005225382707322326
    },
    "NODE_0000015": {
      "country": "Vietnam",
      "country_confidence": {
        "Vietnam": 0.9997666677122606
      },
      "country_entropy": 0.002500701251321912,
      "region": "Southeast Asia",
      "region_confidence": {
        "Southeast Asia": 0.999781909409643
      },
      "region_entropy": 0.0022347371550498953
    },
    "NODE_0000016": {
      "country": "China",
      "country_confidence": {
        "China": 0.40509196267379605,
        "Egypt": 0.11730682159820505,
        "Thailand": 0.27806793572716076,
        "Vietnam": 0.07675804861406847
      },
      "country_entropy": 1.5620979455618955,
      "region": "China",
      "region_confidence": {
        "Africa": 0.06086849466090837,
        "China": 0.5211124098789425,
        "Japan Korea": 0.02919716557182939,
        "Southeast Asia": 0.3673292209668569
      },
      "region_entropy": 1.063614393955593
    }
  }
}