Map from character to field name
A:	Bangladesh
B:	China
C:	Egypt
D:	Japan
E:	Laos
F:	Thailand
G:	Vietnam
H:	?


Substitution rate (mu): 38.147274

Equilibrium frequencies (pi_i):
  A: 0.1377
  B: 0.1838
  C: 0.1323
  D: 0.1307
  E: 0.1304
  F: 0.1214
  G: 0.1637

Symmetrized rates from j->i (W_ij):
	A	B	C	D	E	F	G
  A	0	1.143	0.9237	1.1129	0.9216	0.9307	1.0186
  B	1.143	0	1.4396	1.3897	1.2767	1.6096	1.5996
  C	0.9237	1.4396	0	0.9357	0.9204	1.0277	0.9407
  D	1.1129	1.3897	0.9357	0	0.9251	0.9446	1.343
  E	0.9216	1.2767	0.9204	0.9251	0	0.9274	1.205
  F	0.9307	1.6096	1.0277	0.9446	0.9274	0	1.3725
  G	1.0186	1.5996	0.9407	1.343	1.205	1.3725	0

Actual rates from j->i (Q_ij):
	A	B	C	D	E	F	G
  A	0	0.1574	0.1272	0.1532	0.1269	0.1281	0.1402
  B	0.2101	0	0.2646	0.2554	0.2347	0.2959	0.294
  C	0.1222	0.1905	0	0.1238	0.1218	0.136	0.1245
  D	0.1454	0.1816	0.1223	0	0.1209	0.1235	0.1755
  E	0.1202	0.1665	0.12	0.1206	0	0.1209	0.1571
  F	0.113	0.1954	0.1247	0.1146	0.1126	0	0.1666
  G	0.1668	0.2619	0.154	0.2199	0.1973	0.2247	0
